408775982
2805790248
2805790129
2751649433
2751649432
2751649431
2751649430
2751649401
2751649400
2751649399
2556867330
2556867320
2556867313
2556867299
2556867280
2556867256
2556867225
2556867192
2556867189
2556867183
2556867179
2556867175
2556867169
2556867167
2556867164
2556867162
2556867157
2556867155
2556867148
2556867142
2556867140
2556867136
2556867134
2556867125
2556867122
2556867118
2556867116
2556867112
2556867107
2556867102
2556867100
2556867097
2556867092
2556867087
2556867083
2556867081
2556867076
2556867046
2556867000
2508213632
2327845302
2327845301
2327845300
2327845299
2327845298
2327845297
2327845296
2327845295
2327845294
2327845293
2327845292
2327845291
2327845290
2327845289
2327845287
2327845285
2327845283
2327845280
2327845278
2327845276
2327845274
2327845272
2327845270
2327845268
2327845266
2327845264
2327845262
2327845260
2327845258
2314634380
2314634379
2234564380
2234564210
2234564046
2234563882
2234563717
2234563554
2234563392
2234563230
2234563070
2234562908
2234562740
2234562572
2234562406
2234562238
2234562068
2234561900
2234561742
2234561579
2234561418
2234561258
2234561096
2117203472
2117203255
2018529447
2018529361
2018529300
2018529241
2018529184
2018529101
2018529044
1994018051
1994018048
1994018045
1910319849
1910319699
1827223481
1827223479
1827223477
1827223475
1827223473
1827223471
1827223469
1827223467
1827223465
1824101285
1824101283
1824101281
1824101279
1718075347
1616247978
1616241132
1616241130
1481374052
1481374044
1481374036
1481374029
1481374021
1481374013
1481374006
537108089
409191184
1370705648
1360818410
1352189616
1352189326
1352189248
1342770401
1342770400
1342770398
1342770396
1342770394
1342770392
1342770390
1342770389
1342770387
1342770385
1342770384
1279573018
1214784712
1214784583
1109490633
1098493808
1098493768
1093393266
1093393265
1093393264
1093393263
1093393262
1093393261
1093393260
1093393259
1093393258
1093393257
1093393256
1093393255
1093393254
1093393253
320090194
312164868
1043526374
1004623731
1004623730
1004623729
1004623728
1004623727
1004623726
780582041
780582039
780582037
780582035
780582033
780582031
780582029
780582027
780582025
780582023
780582021
950645940
950645938
950645936
950645934
950645932
950645930
950645928
950645926
950645924
950645922
950645920
950645918
950645916
950645914
950645912
950645910
950645908
950645905
950645902
950645899
950645896
950645893
950645890
950645887
950645884
950645881
950645878
950645875
950645872
950645869
950645866
950645863
950645860
950645857
950645855
950645853
950645851
950645849
950645847
950645845
950645843
950645841
950645839
950645837
950645835
950645833
950645831
950645829
950645827
950645825
950645823
930305136
930305134
930305132
930305130
930305128
736546138
736546137
736546136
736546120
736546118
736546116
736546096
736546094
736546092
736546059
736546057
736546055
566035589
566035587
566035585
566035583
566035581
566035579
566035577
566035552
566035550
566035548
566035546
566035544
566035542
566035540
833025859
754296667
754296665
754296663
754296661
754296659
754296657
754296655
754296653
754296651
754296649
754296647
754296645
754296643
754296641
754296639
754296637
754296635
754296633
754296631
754296629
754296627
754296625
754296623
754296621
675360081
408476307
448818785
448818783
331686392
571798610
566036064
566036062
566036060
566036058
566036056
566036054
566036052
566036050
566036048
566036046
566036044
566036042
566036040
566036038
566036036
566036034
566036032
566036030
566036028
566036026
566036024
566036022
566036020
566036018
566036016
566036014
566036012
566036010
566036008
566036006
566036004
566036002
566036000
566035998
566035996
566035994
566035992
566035990
566035988
566035986
566035984
566035982
566035980
566035978
566035976
566035974
566035972
566035970
566035968
566035966
566035964
566035962
566035960
566035958
566035956
566035954
566035952
566035950
566035948
566035946
566035944
566035942
566035940
566035938
566035936
566035934
566035932
566035930
566035928
566035926
566035924
566035922
566035920
566035918
566035916
566035914
566035912
566035910
566035908
566035906
566035904
566035902
566035901
566035900
566035899
566035898
566035897
566035896
566035895
566035894
566035892
566035890
566035888
566035886
566035884
566035882
566035880
566035879
566035878
566035877
566035876
566035875
566035874
566035873
566035871
566035869
566035867
566035865
566035863
566035861
566035859
566035857
566035855
566035853
566035851
566035849
566035847
566035845
566035843
566035841
566035839
566035837
566035835
566035833
566035831
566035830
566035829
566035828
566035827
566035826
566035825
566035824
566035822
566035820
566035818
566035816
566035814
566035812
566035810
566035808
566035806
566035804
566035802
566035800
566035798
566035796
566035794
566035792
566035790
566035788
566035786
566035784
566035782
566035780
566035778
566035776
566035774
566035772
566035770
566035768
566035767
566035766
566035765
566035764
566035763
566035762
566035761
566035759
566035757
566035755
566035753
566035751
566035749
566035747
566035745
566035743
566035741
566035739
566035737
566035735
566035733
566035731
566035729
566035727
566035725
566035723
566035721
566035719
566035717
566035715
566035713
566035711
566035709
566035707
566035705
566035703
566035701
566035699
566035697
566035695
566035693
566035691
566035689
566035687
566035685
566035683
566035681
566035679
566035677
566035675
566035673
566035671
566035669
566035667
566035665
566035663
566035661
566035659
566035657
566035655
566035653
566035651
566035649
566035647
566035645
566035643
566035641
566035639
566035637
566035635
566035633
566035631
566035629
566035627
566035625
566035623
566035621
566035619
566035617
566035615
566035613
566035611
566035609
566035607
566035605
566035603
566035601
566035599
566035597
566035595
566035593
566035591
566035574
566035571
566035568
566035565
566035562
566035559
566035554
536721239
290463747
433215724
433215722
433215720
433215718
433215716
433215714
433215712
433215710
433215708
433215706
433215704
433215702
433215700
433215698
433215696
433215694
433215692
433215690
433215688
433215686
433215684
433215682
433215680
399151302
387610310
387610308
387610306
387610304
387610302
387610300
387610298
387610296
387610294
387610292
387610290
387610288
387610286
387610284
387610282
387610280
387605476
387605473
387605470
387605467
387605464
387605461
387605458
387605455
387605452
387605449
387605446
387605443
387605440
387605437
387605434
387605431
387605428
387605425
387605422
387605419
387605416
387605411
387605408
387605405
387605402
387605399
387605394
387605391
387605386
387605381
387605376
387605371
387605366
387605361
387605356
387605351
387605346
387605341
387605336
387605331
387605326
387605321
387605316
387605311
387605306
387605301
387605296
387605291
387605286
387605281
387605276
387605271
387605266
387605261
387605259
387605257
387605255
387605253
387605251
387605249
387605247
387605245
387605243
387605241
387605239
387605237
387605235
387605233
387605231
387605229
387605227
387605225
387605223
387605221
387605219
387605217
387605215
387605213
387605211
387605209
387605207
387605205
387605203
387605201
387605199
387605197
387605195
387605193
387605191
387605189
387605187
387605185
387605183
387605181
387605179
387605177
387605175
387605173
387605171
387605169
387605167
387605165
387605163
387605161
387605159
387605157
387605155
387605153
387605151
387605149
387605147
387605145
387605143
387605141
387605139
387605137
387605135
387605133
387605131
387605129
387605127
387605125
387605123
387605121
387605119
387605117
387605115
387605113
387605111
387605109
387605107
387605105
387605103
387605101
387605099
387605097
387605095
387605093
387605091
387605089
387605087
387605085
387605083
387605081
387605079
387605077
387605075
387605073
387605071
387605069
387605067
387605065
387605063
387605061
387605059
387605057
387605055
387605053
387605051
387605049
387605047
387605045
387605043
387605041
387605039
387605037
387605035
387605033
387605031
387605029
387605027
387605025
387605023
387605021
387605019
387605017
387605015
387605013
387605011
387605009
387605007
387605005
387605003
387605001
387604999
387604997
387604995
387604993
387604991
387604989
354801504
354801503
354801502
354801501
354801500
354801499
354801498
354801497
354801496
354801495
354801494
354801493
354801492
354801491
326486524
326486523
326486522
326486521
326486520
326486519
326486518
326486517
326486516
326486515
326486514
326486513
326486512
326486511
326486510
310877158
310877156
310877154
310877152
310877150
310877148
310877146
310877144
310877142
310877140
310877138
310877136
310877134
310877132
310877130
310877128
310877126
310877124
310877122
310877120
310877118
310877116
302321456
